$ 1 0.000005 10.20027730826997 50 5 50 5e-11
v -496 96 -496 272 0 1 40 5 0 0 0.5
w -496 96 -352 96 0
r -352 96 -352 272 0 1000
w -352 272 -496 272 0
w -96 -176 32 -176 0
w -96 32 32 32 0
d 32 -176 80 -112 2 default
d 32 32 80 -112 2 default
d -16 -80 32 -176 2 default
d -16 -80 32 32 2 default
w -16 -80 -16 64 0
w -16 64 160 64 0
w 80 -112 160 -112 0
r 160 -112 160 64 0 110000
w 160 -112 208 -112 0
w 160 64 192 64 0
w 192 64 208 64 0
c 208 64 208 -112 0 20 -0.17973920830431256 0.001
T -96 -96 -192 -96 0 4 1 1.7241582684953334 -1.7323071096093932 0.999
v -256 -192 -256 16 0 1 40 5 0 0 0.5
w -96 -96 -96 -176 0
w -96 -64 -96 32 0
w -192 -64 -256 16 0
w -192 -96 -256 -192 0
v 320 48 320 304 0 1 40 5 0 0 0.5
T 384 176 544 208 0 4 1 -0.0009258564093513493 7.686694244876887e-20 0.999
w 384 176 384 48 0
w 384 48 320 48 0
w 384 208 384 304 0
w 384 304 320 304 0
w 544 176 544 48 0
w 544 208 544 304 0
w 544 48 656 48 0
w 544 304 656 304 0
d 656 48 720 112 2 default
d 608 128 656 48 2 default
d 608 128 656 176 2 default
d 656 176 720 112 2 default
w 656 176 656 320 0
w 720 112 832 112 0
w 608 128 608 384 0
w 608 384 832 384 0
